    0    1      2    3      4      5    6    7      8    9      10     11  \
0  0.0  0.0 -6.275  1.0  686.0  704.0  0.0  0.0 -2.975  1.0  722.0  753.0   
1  0.0  0.0 -6.275  1.0  704.0  697.0  0.0  0.0 -2.975  1.0  753.0  720.0   
2  0.0  0.0 -6.275  1.0  697.0  704.0  0.0  0.0 -2.975  1.0  720.0  710.0   
3  0.0  0.0 -6.275  1.0  704.0  676.0  0.0  0.0 -2.975  1.0  710.0  705.0   
4  0.0  0.0 -6.275  1.0  676.0  664.0  0.0  0.0 -2.975  1.0  705.0  691.0   

    12   13     14   15     16  
0  1.0  0.0  0.675  1.0  720.0  
1  1.0  0.0  0.675  1.0  704.0  
2  1.0  0.0  0.675  1.0  711.0  
3  1.0  0.0  0.675  1.0  708.0  
4  1.0  0.0  0.675  1.0  704.0  
                 0             1             2             3             4   \
count  36384.000000  36384.000000  36384.000000  36384.000000  36384.000000   
mean       0.284960      0.040897      8.425077      6.321900    599.514117   
std        0.451402      0.198055      8.743400      3.540515    102.443244   
min        0.000000      0.000000    -14.225000      1.000000    317.000000   
25%        0.000000      0.000000      1.100000      3.000000    520.000000   
50%        0.000000      0.000000      8.387500      6.000000    599.000000   
75%        1.000000      0.000000     16.025000      9.000000    683.000000   
max        1.000000      1.000000     26.525000     12.000000    876.000000   

                 5             6             7             8             9   \
count  36384.000000  36384.000000  36384.000000  36384.000000  36384.000000   
mean     599.514942      0.286280      0.040897      8.423021      6.321900   
std      102.444061      0.452028      0.198055      8.747039      3.540515   
min      317.000000      0.000000      0.000000    -14.225000      1.000000   
25%      520.000000      0.000000      0.000000      1.100000      3.000000   
50%      599.000000      0.000000      0.000000      8.387500      6.000000   
75%      683.000000      1.000000      0.000000     16.025000      9.000000   
max      876.000000      1.000000      1.000000     26.525000     12.000000   

                 10            11            12            13            14  \
count  36384.000000  36384.000000  36384.000000  36384.000000  36384.000000   
mean     599.495235    599.494713      0.287599      0.040897      8.419030   
std      102.424745    102.424169      0.452649      0.198055      8.752926   
min      317.000000    317.000000      0.000000      0.000000    -14.225000   
25%      520.000000    520.000000      0.000000      0.000000      1.100000   
50%      599.000000    599.000000      0.000000      0.000000      8.387500   
75%      683.000000    683.000000      1.000000      0.000000     16.025000   
max      876.000000    876.000000      1.000000      1.000000     26.525000   

                 15            16  
count  36384.000000  36384.000000  
mean       6.321900    599.430344  
std        3.540515    102.361412  
min        1.000000    317.000000  
25%        3.000000    520.000000  
50%        6.000000    599.000000  
75%        9.000000    683.000000  
max       12.000000    876.000000  
           0         1           2          3             4             5   \
0    0.203764 -0.001100    0.036578  -0.004658    -10.750571    -10.864452   
1   -0.001100  0.039226   -0.099566   0.013221     -1.941216     -1.956091   
2    0.036578 -0.099566   76.447041   5.144818   -715.328551   -715.510207   
3   -0.004658  0.013221    5.144818  12.535248    -46.341043    -46.256372   
4  -10.750571 -1.941216 -715.328551 -46.341043  10494.618314  10324.628545   
5  -10.864452 -1.956091 -715.510207 -46.256372  10324.628545  10494.785676   
6    0.060904  0.004123    0.013336  -0.022233     -1.531238     -1.571698   
7    0.000219  0.006243   -0.093838   0.034330     -0.446726     -0.458139   
8    0.038890 -0.085388   73.951418   4.738289   -707.843218   -708.061705   
9    0.004578  0.014540    5.595292  12.361100    -48.945110    -48.882721   
10  -6.533245 -1.035701 -717.056537 -44.763593   9444.536642   9384.809919   
11  -6.513306 -1.026252 -717.043899 -44.700043   9364.733634   9444.576824   
12  -0.081957  0.005389   -0.029069  -0.022658      4.309859      4.303706   
13  -0.001100  0.003605   -0.048960   0.034330      0.075145      0.076650   
14   0.002976 -0.030375   71.273314   4.473230   -700.572229   -700.776804   
15   0.013813  0.015859    5.940552  12.186953    -51.523544    -51.465953   
16   3.792848 -0.789808 -712.120308 -42.649226   8645.092009   8718.896661   

           6         7           8          9             10            11  \
0    0.060904  0.000219    0.038890   0.004578     -6.533245     -6.513306   
1    0.004123  0.006243   -0.085388   0.014540     -1.035701     -1.026252   
2    0.013336 -0.093838   73.951418   5.595292   -717.056537   -717.043899   
3   -0.022233  0.034330    4.738289  12.361100    -44.763593    -44.700043   
4   -1.531238 -0.446726 -707.843218 -48.945110   9444.536642   9364.733634   
5   -1.571698 -0.458139 -708.061705 -48.882721   9384.809919   9444.576824   
6    0.204329 -0.001154    0.015716  -0.011679    -10.613419    -10.727273   
7   -0.001154  0.039226   -0.099482   0.013221     -1.940443     -1.955264   
8    0.015716 -0.099482   76.510685   5.155759   -715.256320   -715.417623   
9   -0.011679  0.013221    5.155759  12.535248    -46.240553    -46.148715   
10 -10.613419 -1.940443 -715.256320 -46.240553  10490.828369  10320.719144   
11 -10.727273 -1.955264 -715.417623 -46.148715  10320.719144  10490.710342   
12   0.061467  0.004069   -0.007523  -0.029254     -1.394061     -1.434492   
13   0.000165  0.006243   -0.093754   0.034330     -0.445954     -0.457312   
14   0.021004 -0.085224   74.039729   4.759528   -708.026603   -708.228660   
15  -0.002444  0.014540    5.606233  12.361100    -48.844619    -48.775063   
16  -6.387678 -1.023620 -716.264830 -44.357469   9356.453248   9436.020650   

           12        13          14         15            16  
0   -0.081957 -0.001100    0.002976   0.013813      3.792848  
1    0.005389  0.003605   -0.030375   0.015859     -0.789808  
2   -0.029069 -0.048960   71.273314   5.940552   -712.120308  
3   -0.022658  0.034330    4.473230  12.186953    -42.649226  
4    4.309859  0.075145 -700.572229 -51.523544   8645.092009  
5    4.303706  0.076650 -700.776804 -51.465953   8718.896661  
6    0.061467  0.000165    0.021004  -0.002444     -6.387678  
7    0.004069  0.006243   -0.085224   0.014540     -1.023620  
8   -0.007523 -0.093754   74.039729   5.606233   -716.264830  
9   -0.029254  0.034330    4.759528  12.361100    -44.357469  
10  -1.394061 -0.445954 -708.026603 -48.844619   9356.453248  
11  -1.434492 -0.457312 -708.228660 -48.775063   9436.020650  
12   0.204891 -0.001208   -0.002164  -0.018700    -10.601560  
13  -0.001208  0.039226   -0.099319   0.013221     -1.952632  
14  -0.002164 -0.099319   76.613717   5.176998   -715.008461  
15  -0.018700  0.013221    5.176998  12.535248    -45.806140  
16 -10.601560 -1.952632 -715.008461 -45.806140  10477.858749  
          0         1         2         3         4         5         6   \
0   1.000000 -0.012304  0.009268 -0.002914 -0.232480 -0.234940  0.298479   
1  -0.012304  1.000000 -0.057497  0.018854 -0.095677 -0.096409  0.046056   
2   0.009268 -0.057497  1.000000  0.166197 -0.798623 -0.798820  0.003374   
3  -0.002914  0.018854  0.166197  1.000000 -0.127766 -0.127532 -0.013892   
4  -0.232480 -0.095677 -0.798623 -0.127766  1.000000  0.983794 -0.033067   
5  -0.234940 -0.096409 -0.798820 -0.127532  0.983794  1.000000 -0.033940   
6   0.298479  0.046056  0.003374 -0.013892 -0.033067 -0.033940  1.000000   
7   0.002453  0.159160 -0.054189  0.048957 -0.022018 -0.022580 -0.012890   
8   0.009849 -0.049289  0.966952  0.153001 -0.789937 -0.790175  0.003975   
9   0.002864  0.020736  0.180749  0.986107 -0.134946 -0.134773 -0.007297   
10 -0.141306 -0.051056 -0.800697 -0.123439  0.900103  0.894404 -0.229237   
11 -0.140876 -0.050590 -0.800687 -0.123265  0.892503  0.900105 -0.231698   
12 -0.401105  0.060107 -0.007345 -0.014138  0.092943  0.092810  0.300412   
13 -0.012304  0.091893 -0.028273  0.048957  0.003704  0.003778  0.001847   
14  0.000753 -0.017522  0.931308  0.144345 -0.781297 -0.781519  0.005309   
15  0.008643  0.022617  0.191902  0.972215 -0.142055 -0.141895 -0.001527   
16  0.082085 -0.038958 -0.795677 -0.117682  0.824423  0.831454 -0.138052   

          7         8         9         10        11        12        13  \
0   0.002453  0.009849  0.002864 -0.141306 -0.140876 -0.401105 -0.012304   
1   0.159160 -0.049289  0.020736 -0.051056 -0.050590  0.060107  0.091893   
2  -0.054189  0.966952  0.180749 -0.800697 -0.800687 -0.007345 -0.028273   
3   0.048957  0.153001  0.986107 -0.123439 -0.123265 -0.014138  0.048957   
4  -0.022018 -0.789937 -0.134946  0.900103  0.892503  0.092943  0.003704   
5  -0.022580 -0.790175 -0.134773  0.894404  0.900105  0.092810  0.003778   
6  -0.012890  0.003975 -0.007297 -0.229237 -0.231698  0.300412  0.001847   
7   1.000000 -0.057425  0.018854 -0.095656 -0.096387  0.045391  0.159160   
8  -0.057425  1.000000  0.166481 -0.798354 -0.798539 -0.001900 -0.054118   
9   0.018854  0.166481  1.000000 -0.127512 -0.127260 -0.018254  0.048957   
10 -0.095656 -0.798354 -0.127512  1.000000  0.983790 -0.030069 -0.021984   
11 -0.096387 -0.798539 -0.127260  0.983790  1.000000 -0.030941 -0.022544   
12  0.045391 -0.001900 -0.018254 -0.030069 -0.030941  1.000000 -0.013474   
13  0.159160 -0.054118  0.048957 -0.021984 -0.022544 -0.013474  1.000000   
14 -0.049162  0.967054  0.153583 -0.789753 -0.789983 -0.000546 -0.057292   
15  0.020736  0.181027  0.986107 -0.134693 -0.134502 -0.011668  0.018854   
16 -0.050491 -0.799975 -0.122395  0.892422  0.900016 -0.228808 -0.096316   

          14        15        16  
0   0.000753  0.008643  0.082085 日类型 
1  -0.017522  0.022617 -0.038958 节假日
2   0.931308  0.191902 -0.795677 温度
3   0.144345  0.972215 -0.117682 月份
4  -0.781297 -0.142055  0.824423 t-1
5  -0.781519 -0.141895  0.831454 t
6   0.005309 -0.001527 -0.138052 日类型
7  -0.049162  0.020736 -0.050491 节假日
8   0.967054  0.181027 -0.799975 温度
9   0.153583  0.986107 -0.122395 月份
10 -0.789753 -0.134693  0.892422 t-1
11 -0.789983 -0.134502  0.900016 t
12 -0.000546 -0.011668 -0.228808 日类型
13 -0.057292  0.018854 -0.096316 节假日
14  1.000000  0.167055 -0.798034 温度
15  0.167055  1.000000 -0.126392 月份
16 -0.798034 -0.126392  1.000000  
